-4.158431097642578185e+06
-4.403681327837147983e+05
6.641026189499003813e+06
1.334609625702361576e+06
1.012132947106714733e+07
-5.705683247755252523e+05
8.367865075703334995e+06
3.688430222939827479e+06
-5.541241478648978285e+06
-8.095320120094667189e+06
-1.156227078430501744e+07
5.067736608459495008e+06
-1.699686028828477021e+06
2.791226860120791476e+06
4.270734708881193772e+06
1.400297280400145100e+06
-8.165334379035077989e+06
2.339894603004244622e+06
8.225718907295705751e+06
6.419880716557215899e+06
-8.143107968268095516e+06
-1.964734270750774071e+06
-1.350904642324630404e+06
2.336538029844599660e+05
-1.251398750695832819e+07
-1.021695881867478136e+06
3.439061235402794555e+06
2.269217949007167015e+06
1.375351397325430007e+05
6.098751792249409482e+06
2.973588425592672080e+06
-4.175351414386473596e+06
1.549580824871782213e+07
3.886964649355356582e+06
3.626617941369140986e+06
-1.414790372063615173e+07
-1.463779898145484971e+06
-1.170941751062756404e+07
-1.799333361621212316e+04
6.288228947845431045e+06
6.332391182762072422e+06
-7.188148230668934993e+05
-7.176039475244658999e+06
-4.704134465532193892e+06
-3.407032938212492969e+06
1.118868355376266409e+06
1.464612323780856468e+07
-9.077963919832689688e+06
6.447318708560429513e+06
1.086265286319246702e+07
-1.697297573826232227e+06
-6.187019381329378812e+05
3.202388551075026393e+06
7.551594969645833597e+06
3.803146866961610969e+06
4.406995265512708575e+06
-8.123780288534237072e+06
-6.703722785041217692e+06
-1.040096612772394530e+07
1.120982558897104487e+07
9.393200616739617661e+06
6.003158559313802049e+06
-5.959534317106392235e+06
2.306574639263732824e+06
-6.511684383205696009e+06
-8.313369216780615970e+06
-3.031319329233181663e+06
-7.227017690624998068e+03
-7.636264793458649889e+06
-3.263914205199946184e+06
-8.578702233015848324e+05
-7.450650653947620653e+06
