2.737100700000000275e-01
2.215542600000000029e-01
1.665593999999999963e-01
2.963746299999999723e-01
2.506639500000000242e-01
3.144347599999999798e-01
3.234490500000000157e-01
2.797526799999999758e-01
1.347240600000000066e-01
2.096891899999999975e-01
1.789114199999999877e-01
3.440712200000000109e-01
2.272108599999999867e-01
2.362476099999999968e-01
2.629866799999999727e-01
2.544138899999999759e-01
3.197724200000000017e-01
2.667889600000000194e-01
1.579373099999999974e-01
1.260618799999999873e-01
3.390728199999999970e-01
3.412770099999999918e-01
1.920917699999999950e-01
3.375067199999999823e-01
1.818969900000000084e-01
2.479113500000000025e-01
2.694988500000000120e-01
2.564390599999999965e-01
3.255040900000000237e-01
2.443926499999999891e-01
2.926576300000000019e-01
2.599690299999999898e-01
2.012320200000000114e-01
3.158815099999999765e-01
2.422436000000000034e-01
2.344315200000000043e-01
1.710921699999999879e-01
2.306237999999999899e-01
1.482102399999999931e-01
3.071556799999999865e-01
1.516183700000000023e-01
3.306665100000000246e-01
1.376736500000000085e-01
1.419470600000000138e-01
3.210843899999999973e-01
2.894236199999999926e-01
2.069875700000000096e-01
1.764889799999999898e-01
2.989131800000000005e-01
3.323246200000000150e-01
1.118623200000000012e-01
2.878246199999999755e-01
2.394094800000000078e-01
1.622610899999999967e-01
2.940744000000000136e-01
3.284034499999999857e-01
2.772033500000000150e-01
2.833585200000000026e-01
3.123192499999999927e-01
1.953495100000000040e-01
1.994064100000000062e-01
3.047657100000000230e-01
3.354666800000000171e-01
1.196914500000000048e-01
2.721316500000000027e-01
3.096218700000000212e-01
2.182502600000000015e-01
2.250573399999999946e-01
2.125679099999999988e-01
3.016988999999999921e-01
2.819539099999999743e-01
1.883301900000000084e-01
